0,448
0,447
0,446
0,445
0,444
0,443
40,3
40,2
0,442
40,1
40,0
0,441
0,440
0,439
0,438
39,4
0,437
0,436
0,435
39,3
39,2
0,434
39,1
39,0
0,433
0,432
0,431
38,3
38,2
0,430
38,1
38,0
0,429
0,428
0,427
37,3
37,2
0,426
37,1
37,0
0,425
0,424
0,423
0,422
0,421
0,420
36,4
0,419
0,418
0,417
36,3
36,2
0,416
0,415
36,1
36,0
0,414
0,413
0,412
0,411
35,4
0,410
0,409
0,408
35,3
35,2
0,407
0,406
35,1
35,0
0,405
34,3
34,2
0,404
34,1
34,0
0,403
33,3
33,2
33,1
33,0
32,4
0,402
0,401
32,3
32,2
0,400
32,1
32,0
31,4
0,399
0,398
31,3
31,2
0,397
31,1
31,0
0,396
0,395
30,3
30,2
0,394
